K=10, step=0, norm-diff=0.093841
K=10, step=1, norm-diff=0.031922
K=10, step=2, norm-diff=0.014850
K=10, step=3, norm-diff=0.006782
K=10, step=4, norm-diff=0.004011
K=10, step=5, norm-diff=0.003041
K=10, step=6, norm-diff=0.001803
K=10, step=7, norm-diff=0.001320
K=10, step=8, norm-diff=0.000945
Topic 0:
    file: 0.005073
    jehovah: 0.002056
    control: 0.001985
    gun: 0.001979
    lord: 0.001949
    believe: 0.001844
    point: 0.001837
    law: 0.001822
    information: 0.001726
    anonymous: 0.001699
Topic 1:
    jesus: 0.003557
    government: 0.002769
    armenian: 0.002745
    turkish: 0.002469
    jews: 0.002356
    world: 0.002231
    years: 0.002215
    believe: 0.002129
    really: 0.002043
    bible: 0.002029
Topic 2:
    drive: 0.004624
    thanks: 0.002784
    problem: 0.002624
    government: 0.002502
    card: 0.002406
    chip: 0.002336
    number: 0.002233
    power: 0.002216
    using: 0.002146
    really: 0.002110
Topic 3:
    game: 0.004265
    team: 0.003108
    year: 0.002913
    didnt: 0.002672
    going: 0.002659
    games: 0.002623
    got: 0.002353
    really: 0.002256
    years: 0.002148
    come: 0.002026
Topic 4:
    windows: 0.004449
    file: 0.004253
    program: 0.003457
    using: 0.002951
    problem: 0.002731
    thanks: 0.002721
    card: 0.002660
    drive: 0.002657
    data: 0.002645
    available: 0.002335
Topic 5:
    power: 0.002848
    period: 0.002652
    team: 0.001796
    appears: 0.001752
    play: 0.001595
    wire: 0.001496
    art: 0.001479
    internet: 0.001464
    second: 0.001456
    point: 0.001450
Topic 6:
    jpeg: 0.003008
    available: 0.003006
    program: 0.002744
    file: 0.002704
    information: 0.002627
    image: 0.002398
    believe: 0.002321
    president: 0.002238
    number: 0.002167
    going: 0.002160
Topic 7:
    believe: 0.002214
    problem: 0.002076
    myers: 0.002000
    things: 0.001995
    come: 0.001858
    question: 0.001833
    car: 0.001672
    going: 0.001652
    israel: 0.001643
    using: 0.001569
Topic 8:
    image: 0.005944
    software: 0.003339
    available: 0.003288
    data: 0.002981
    file: 0.002961
    package: 0.002844
    using: 0.002833
    graphics: 0.002663
    version: 0.002474
    images: 0.002448
Topic 9:
    key: 0.002635
    space: 0.002328
    number: 0.002107
    really: 0.002002
    years: 0.001964
    launch: 0.001924
    best: 0.001840
    chip: 0.001836
    year: 0.001801
    information: 0.001794
